#INFOFILE1.1 (UTF-8) - Do not remove this line!
FileIdent = CarMaker-LidarRSIBeams
FileCreator = CarMaker Office 13.1.1
Description:
	Lidar RSI Beams Data Set depending on azimuth and elevation

Beams.Type = Regular
Beams.FoVH = -138 138
Beams.FoVV = -0.00001 0.00001
Beams.N = 150 1

Beam.Width = 1 1
Beam.Rays = 1 1

Beams:
	0 0.0 0.0 0.0 -137.08 0
	1 0.0 0.0 0.0 -135.24 0
	2 0.0 0.0 0.0 -133.4 0
	3 0.0 0.0 0.0 -131.56 0
	4 0.0 0.0 0.0 -129.72 0
	5 0.0 0.0 0.0 -127.88 0
	6 0.0 0.0 0.0 -126.04 0
	7 0.0 0.0 0.0 -124.2 0
	8 0.0 0.0 0.0 -122.36 0
	9 0.0 0.0 0.0 -120.52 0
	10 0.0 0.0 0.0 -118.68 0
	11 0.0 0.0 0.0 -116.84 0
	12 0.0 0.0 0.0 -115 0
	13 0.0 0.0 0.0 -113.16 0
	14 0.0 0.0 0.0 -111.32 0
	15 0.0 0.0 0.0 -109.48 0
	16 0.0 0.0 0.0 -107.64 0
	17 0.0 0.0 0.0 -105.8 0
	18 0.0 0.0 0.0 -103.96 0
	19 0.0 0.0 0.0 -102.12 0
	20 0.0 0.0 0.0 -100.28 0
	21 0.0 0.0 0.0 -98.44 0
	22 0.0 0.0 0.0 -96.6 0
	23 0.0 0.0 0.0 -94.76 0
	24 0.0 0.0 0.0 -92.92 0
	25 0.0 0.0 0.0 -91.08 0
	26 0.0 0.0 0.0 -89.24 0
	27 0.0 0.0 0.0 -87.4 0
	28 0.0 0.0 0.0 -85.56 0
	29 0.0 0.0 0.0 -83.72 0
	30 0.0 0.0 0.0 -81.88 0
	31 0.0 0.0 0.0 -80.04 0
	32 0.0 0.0 0.0 -78.2 0
	33 0.0 0.0 0.0 -76.36 0
	34 0.0 0.0 0.0 -74.52 0
	35 0.0 0.0 0.0 -72.68 0
	36 0.0 0.0 0.0 -70.84 0
	37 0.0 0.0 0.0 -69 0
	38 0.0 0.0 0.0 -67.16 0
	39 0.0 0.0 0.0 -65.32 0
	40 0.0 0.0 0.0 -63.48 0
	41 0.0 0.0 0.0 -61.64 0
	42 0.0 0.0 0.0 -59.8 0
	43 0.0 0.0 0.0 -57.96 0
	44 0.0 0.0 0.0 -56.12 0
	45 0.0 0.0 0.0 -54.28 0
	46 0.0 0.0 0.0 -52.44 0
	47 0.0 0.0 0.0 -50.6 0
	48 0.0 0.0 0.0 -48.76 0
	49 0.0 0.0 0.0 -46.92 0
	50 0.0 0.0 0.0 -45.08 0
	51 0.0 0.0 0.0 -43.24 0
	52 0.0 0.0 0.0 -41.4 0
	53 0.0 0.0 0.0 -39.56 0
	54 0.0 0.0 0.0 -37.72 0
	55 0.0 0.0 0.0 -35.88 0
	56 0.0 0.0 0.0 -34.04 0
	57 0.0 0.0 0.0 -32.2 0
	58 0.0 0.0 0.0 -30.36 0
	59 0.0 0.0 0.0 -28.52 0
	60 0.0 0.0 0.0 -26.68 0
	61 0.0 0.0 0.0 -24.84 0
	62 0.0 0.0 0.0 -23 0
	63 0.0 0.0 0.0 -21.16 0
	64 0.0 0.0 0.0 -19.32 0
	65 0.0 0.0 0.0 -17.48 0
	66 0.0 0.0 0.0 -15.64 0
	67 0.0 0.0 0.0 -13.8 0
	68 0.0 0.0 0.0 -11.96 0
	69 0.0 0.0 0.0 -10.12 0
	70 0.0 0.0 0.0 -8.28 0
	71 0.0 0.0 0.0 -6.44 0
	72 0.0 0.0 0.0 -4.6 0
	73 0.0 0.0 0.0 -2.76 0
	74 0.0 0.0 0.0 -0.92 0
	75 0.0 0.0 0.0 0.92 0
	76 0.0 0.0 0.0 2.76 0
	77 0.0 0.0 0.0 4.6 0
	78 0.0 0.0 0.0 6.44 0
	79 0.0 0.0 0.0 8.28 0
	80 0.0 0.0 0.0 10.12 0
	81 0.0 0.0 0.0 11.96 0
	82 0.0 0.0 0.0 13.8 0
	83 0.0 0.0 0.0 15.64 0
	84 0.0 0.0 0.0 17.48 0
	85 0.0 0.0 0.0 19.32 0
	86 0.0 0.0 0.0 21.16 0
	87 0.0 0.0 0.0 23 0
	88 0.0 0.0 0.0 24.84 0
	89 0.0 0.0 0.0 26.68 0
	90 0.0 0.0 0.0 28.52 0
	91 0.0 0.0 0.0 30.36 0
	92 0.0 0.0 0.0 32.2 0
	93 0.0 0.0 0.0 34.04 0
	94 0.0 0.0 0.0 35.88 0
	95 0.0 0.0 0.0 37.72 0
	96 0.0 0.0 0.0 39.56 0
	97 0.0 0.0 0.0 41.4 0
	98 0.0 0.0 0.0 43.24 0
	99 0.0 0.0 0.0 45.08 0
	100 0.0 0.0 0.0 46.92 0
	101 0.0 0.0 0.0 48.76 0
	102 0.0 0.0 0.0 50.6 0
	103 0.0 0.0 0.0 52.44 0
	104 0.0 0.0 0.0 54.28 0
	105 0.0 0.0 0.0 56.12 0
	106 0.0 0.0 0.0 57.96 0
	107 0.0 0.0 0.0 59.8 0
	108 0.0 0.0 0.0 61.64 0
	109 0.0 0.0 0.0 63.48 0
	110 0.0 0.0 0.0 65.32 0
	111 0.0 0.0 0.0 67.16 0
	112 0.0 0.0 0.0 69 0
	113 0.0 0.0 0.0 70.84 0
	114 0.0 0.0 0.0 72.68 0
	115 0.0 0.0 0.0 74.52 0
	116 0.0 0.0 0.0 76.36 0
	117 0.0 0.0 0.0 78.2 0
	118 0.0 0.0 0.0 80.04 0
	119 0.0 0.0 0.0 81.88 0
	120 0.0 0.0 0.0 83.72 0
	121 0.0 0.0 0.0 85.56 0
	122 0.0 0.0 0.0 87.4 0
	123 0.0 0.0 0.0 89.24 0
	124 0.0 0.0 0.0 91.08 0
	125 0.0 0.0 0.0 92.92 0
	126 0.0 0.0 0.0 94.76 0
	127 0.0 0.0 0.0 96.6 0
	128 0.0 0.0 0.0 98.44 0
	129 0.0 0.0 0.0 100.28 0
	130 0.0 0.0 0.0 102.12 0
	131 0.0 0.0 0.0 103.96 0
	132 0.0 0.0 0.0 105.8 0
	133 0.0 0.0 0.0 107.64 0
	134 0.0 0.0 0.0 109.48 0
	135 0.0 0.0 0.0 111.32 0
	136 0.0 0.0 0.0 113.16 0
	137 0.0 0.0 0.0 115 0
	138 0.0 0.0 0.0 116.84 0
	139 0.0 0.0 0.0 118.68 0
	140 0.0 0.0 0.0 120.52 0
	141 0.0 0.0 0.0 122.36 0
	142 0.0 0.0 0.0 124.2 0
	143 0.0 0.0 0.0 126.04 0
	144 0.0 0.0 0.0 127.88 0
	145 0.0 0.0 0.0 129.72 0
	146 0.0 0.0 0.0 131.56 0
	147 0.0 0.0 0.0 133.4 0
	148 0.0 0.0 0.0 135.24 0
	149 0.0 0.0 0.0 137.08 0


## Additional Parameters #################################################
